Weights of the first layer:
tensor([[ 1.0615e-01,  1.5492e-01,  8.7201e-03,  ..., -1.5620e-01,
          1.0746e-01,  1.0465e-01],
        [ 5.5868e-01,  1.3510e-01, -3.6681e-02,  ..., -9.6564e-02,
          7.0901e-03,  7.7000e-03],
        [-3.6300e-01, -1.5089e-01,  4.8551e-04,  ...,  1.5671e-01,
         -9.8385e-02, -1.1004e-01],
        ...,
        [ 4.0609e-01,  2.0284e-02, -3.9491e-02,  ..., -1.0666e-01,
         -2.8483e-02,  1.2055e-02],
        [-4.1240e-01, -1.3056e-01,  2.9736e-02,  ...,  9.1287e-02,
          3.3900e-02,  5.9680e-02],
        [ 2.9525e-01, -1.7835e-01, -1.2600e-01,  ...,  3.0751e-01,
         -1.6994e-01, -1.3897e-01]])
Bias of the first layer:
tensor([0.2925, 0.2023, 0.2177, 0.3222, 0.2866, 0.2477, 0.3060, 0.3204, 0.1999,
        0.2728, 0.2429, 0.2051, 0.2177, 0.2041, 0.1468, 0.2571, 0.2468, 0.1742,
        0.2596, 0.3110])


Weights of the second layer:
tensor([[ 0.4413,  0.7109, -0.5876, -0.7421, -0.8029,  0.5062, -1.0468,  0.5556,
          0.8307, -0.7368,  0.7786, -0.6943,  0.8102,  0.6692,  0.7784, -0.5999,
         -0.8487,  0.7225, -0.6373, -0.7003],
        [-0.3332,  0.5840, -0.4036,  0.7216,  0.6999,  0.3885, -0.7385, -0.8739,
         -0.7851, -0.7691, -0.5913, -0.5898, -0.8336,  0.6231,  0.5033,  0.7032,
          0.6466,  0.5096, -0.7700,  0.6979],
        [ 0.4734, -0.6662, -0.8130,  0.7954,  0.9182,  0.5678,  0.0442,  0.4052,
         -0.9105,  0.5848, -0.7787,  0.7786, -0.4369, -0.6444, -0.8407, -0.7170,
         -0.9256, -0.7441,  0.6761, -0.7501],
        [-0.8599, -0.7334,  0.8450, -0.6487, -0.7656, -0.7585,  0.6813,  0.1694,
          0.5247,  0.4885,  0.6775, -0.7539, -0.8721, -0.6136, -0.4253,  0.8547,
          0.7777, -0.5868,  0.5488,  0.2920]])
Bias of the second layer:
tensor([-0.0162,  0.0360,  0.2440,  0.0477])
