6.572991609573364258e-02
8.771593123674392700e-02
1.023333296179771423e-01
8.478896319866180420e-02
8.126185834407806396e-02
9.362982958555221558e-02
8.953388035297393799e-02
9.123495221138000488e-02
1.038514822721481323e-01
9.194467961788177490e-02
1.025026291608810425e-01
1.011634841561317444e-01
9.654253721237182617e-02
7.098755985498428345e-02
7.975866645574569702e-02
7.471497356891632080e-02
5.545390024781227112e-02
9.713043272495269775e-02
6.968010216951370239e-02
6.328231841325759888e-02
1.012626886367797852e-01
6.711450964212417603e-02
7.111835479736328125e-02
6.538758426904678345e-02
9.378250688314437866e-02
6.293792277574539185e-02
9.645117819309234619e-02
8.043411374092102051e-02
8.458039909601211548e-02
8.115625381469726562e-02
2.151000685989856720e-02
8.290754258632659912e-02
9.826733916997909546e-02
9.248534590005874634e-02
1.104788705706596375e-01
8.038756251335144043e-02
6.834108382463455200e-02
7.703276723623275757e-02
9.995283186435699463e-02
8.856186270713806152e-02
9.977441281080245972e-02
6.223746389150619507e-02
5.872136354446411133e-02
8.638930320739746094e-02
9.518322348594665527e-02
9.139072149991989136e-02
7.204091548919677734e-02
6.446335464715957642e-02
8.322574198246002197e-02
9.475123882293701172e-02
